386.4395066339516 288.99595911960796 118.42260315923292 
189.60827688411874 125.35494817105608 112.28057993613874 
272.35567434967754 322.9635466183572 422.2512655360602 
71.37819334352132 239.62894971250122 107.66601034683697 
100.7583885689553 166.8184922153949 499.5611024723194 
617.9989855791536 89.61190957561783 472.5496924033001 
295.7110174406436 484.9062059120633 65.8703846068775 
564.821626918976 215.61249513780433 147.23215594166837 
341.28446762812996 137.7754819138289 447.64503124911386 
367.40333763452395 247.28664912796955 348.70881692274213 
145.5096854801398 329.5192369121734 24.070337186704975 
185.9846034815338 480.7785643728209 187.82163626904304 
169.2270659642803 302.55305422533274 313.9869366176475 
483.51117181830404 151.41054727672173 508.0550525731035 
564.7364473091067 597.8797135304072 344.49634575028375 
62.47577182130728 511.27836474299676 359.72756093621575 
387.70586192997683 464.317459154818 600.0455631312747 
75.03388553794233 527.1635155903596 376.2598884614629 
95.60201837084726 396.84945243295476 44.35561245960118 
81.27748875074451 251.47839954256503 603.3802625000271 
