367.7775296837916 299.43546523816843 72.16811460590665 
264.3808006411462 290.4389421247158 97.72507404462537 
484.1015327419445 413.26364796255797 147.17422269754832 
306.48154305716963 360.0765424232584 133.83657291802353 
292.79426668879347 68.68287341625927 180.82902061542836 
189.03811370412336 155.35639648183107 311.8702402772876 
495.0515140978762 326.1773787139179 381.2015875315707 
392.8570825174979 80.00961460758981 73.20872078918526 
146.40397332391407 219.88572681262835 242.20354655414388 
314.21168222132223 488.1483367711773 361.9971794942942 
424.0905266768753 466.34197150310575 134.55125265378518 
280.37955754898695 407.8834941306276 205.51892922235663 
436.44139856958566 441.4610715664688 32.44197526189051 
313.11525527557643 129.61475488045096 196.5128941627009 
464.2705288248443 340.91451067195095 281.08028189802786 
437.5277037505056 188.64053217384622 416.6021176770186 
397.81169421546696 164.1395240304523 11.8508547647067 
137.05538274226848 301.5209465040251 221.35033987607233 
490.64306401729294 121.69821754119147 497.9691065607247 
92.82936703092525 329.78687750987103 423.1862427455325 
